time(s)	MFC1	MFC2	MFC3	MFC4	MFC5	MFC6	Valve 1	Valve 2	Total Flow (cc)	Gas	Concentration of Gas (%)	Time(s)	RH (%)	Temperature (C )	Include								MFC1 cc/min	MFC2	MFC3	MFC4	MFC5	MFC6	MFC7	total flow	% moist	% dry
3601	0.250	1.500	0.000	0.000	0.00	0	0	0	200	NA	0	3601	25	20-1	0		CAL FOR	Flox Max	Gas INUSED	Factor applied	USE	In use	50	150		0				200	0.25	0.75
600	0.000	2.000	0.000	0.000	0.00	0	0	0	200	NA	0	600	0	20-1	0	MFC1	N2	1000.00	N2	1.00	RH	1	20	180		0				200	0.1	0.9
300	0.100	1.800	0.000	0.000	0.00	0	0	0	200	NA	0	300	10	20-1	0	MFC2	N2	500.00	N2	1.00	DRY	1	40	160		0				200	0.2	0.8
300	0.200	1.600	0.000	0.000	0.00	0	0	0	200	NA	0	300	20	20-1	0								60	140		0				200	0.3	0.7
300	0.300	1.400	0.000	0.000	0.00	0	0	0	200	NA	0	300	30	20-1	0	MFC3	N2	250.00	N2	1.00	DRY	0	80	120		0				200	0.4	0.6
300	0.400	1.200	0.000	0.000	0.00	0	0	0	200	NA	0	300	40	20-1	0	MFC4	CO2	50.00	CO2	1.00	CO2	1	100	100		0				200	0.5	0.5
300	0.500	1.000	0.000	0.000	0.00	0	0	0	200	NA	0	300	50	20-1	0	MFC5	CO2	100.00	CO2	0.70	CO2	0	120	80		0				200	0.6	0.4
300	0.600	0.800	0.000	0.000	0.00	0	0	0	200	NA	0	300	60	20-1	0	MFC4						0	140	60		0				200	0.7	0.3
300	0.700	0.600	0.000	0.000	0.00	0	0	0	200	NA	0	300	70	20-1	0	MFC5						0	160	40		0				200	0.8	0.2
300	0.800	0.400	0.000	0.000	0.00	0	0	0	200	NA	0	300	80	20-1	0								180	20		0				200	0.9	0.1
300	0.900	0.200	0.000	0.000	0.00	0	0	0	200	NA	0	300	90	20-1	0																	
300	0.950	0.100	0.000	0.000	0.00	0	0	0	200	NA	0	300	95	20-1	0																	
600	0.000	2.000	0.000	0.000	0.00	0	0	0	200	NA	0	600	0	20-1	1		 															
300	0.100	1.800	0.000	0.000	0.00	0	0	0	200	NA	0	300	10	20-1	1																	
300	0.200	1.600	0.000	0.000	0.00	0	0	0	200	NA	0	300	20	20-1	1																	
300	0.300	1.400	0.000	0.000	0.00	0	0	0	200	NA	0	300	30	20-1	1	1h = 	3600	s														
300	0.400	1.200	0.000	0.000	0.00	0	0	0	200	NA	0	300	40	20-1	1	20 min =	1200	s														
300	0.500	1.000	0.000	0.000	0.00	0	0	0	200	NA	0	300	50	20-1	1	40 min =	2400	s														
300	0.600	0.800	0.000	0.000	0.00	0	0	0	200	NA	0	300	60	20-1	1																	
300	0.700	0.600	0.000	0.000	0.00	0	0	0	200	NA	0	300	70	20-1	1																	
300	0.800	0.400	0.000	0.000	0.00	0	0	0	200	NA	0	300	80	20-1	1																	
300	0.900	0.200	0.000	0.000	0.00	0	0	0	200	NA	0	300	90	20-1	1																	
300	0.950	0.100	0.000	0.000	0.00	0	0	0	200	NA	0	300	95	20-1	1																	
600	0.000	2.000	0.000	0.000	0.00	0	0	0	200	NA	0	600	0	20-1	0	11401	190.0166667	170.0166667														
6000	0.250	1.500	0.000	0.000	0.00	0	0	0	200	NA	0	6000	25	12	0			2.833611111														
600	0.000	2.000	0.000	0.000	0.00	0	0	0	200	NA	0	600	0	12	0			0.833333333														
300	0.100	1.800	0.000	0.000	0.00	0	0	0	200	NA	0	300	10	12	0																	
300	0.200	1.600	0.000	0.000	0.00	0	0	0	200	NA	0	300	20	12	0																	
300	0.300	1.400	0.000	0.000	0.00	0	0	0	200	NA	0	300	30	12	0																	
300	0.400	1.200	0.000	0.000	0.00	0	0	0	200	NA	0	300	40	12	0																	
300	0.500	1.000	0.000	0.000	0.00	0	0	0	200	NA	0	300	50	12	0																	
300	0.600	0.800	0.000	0.000	0.00	0	0	0	200	NA	0	300	60	12	0																	
300	0.700	0.600	0.000	0.000	0.00	0	0	0	200	NA	0	300	70	12	0																	
300	0.800	0.400	0.000	0.000	0.00	0	0	0	200	NA	0	300	80	12	0																	
300	0.900	0.200	0.000	0.000	0.00	0	0	0	200	NA	0	300	90	12	0																	
300	0.950	0.100	0.000	0.000	0.00	0	0	0	200	NA	0	300	95	12	0																	
600	0.000	2.000	0.000	0.000	0.00	0	0	0	200	NA	0	600	0	12	1																	
300	0.100	1.800	0.000	0.000	0.00	0	0	0	200	NA	0	300	10	12	1																	
300	0.200	1.600	0.000	0.000	0.00	0	0	0	200	NA	0	300	20	12	1																	
300	0.300	1.400	0.000	0.000	0.00	0	0	0	200	NA	0	300	30	12	1																	
300	0.400	1.200	0.000	0.000	0.00	0	0	0	200	NA	0	300	40	12	1																	
300	0.500	1.000	0.000	0.000	0.00	0	0	0	200	NA	0	300	50	12	1																	
300	0.600	0.800	0.000	0.000	0.00	0	0	0	200	NA	0	300	60	12	1																	
300	0.700	0.600	0.000	0.000	0.00	0	0	0	200	NA	0	300	70	12	1																	
300	0.800	0.400	0.000	0.000	0.00	0	0	0	200	NA	0	300	80	12	1																	
300	0.900	0.200	0.000	0.000	0.00	0	0	0	200	NA	0	300	90	12	1																	
300	0.950	0.100	0.000	0.000	0.00	0	0	0	200	NA	0	300	95	12	1																	
600	0.000	2.000	0.000	0.000	0.00	0	0	0	200	NA	0	600	0	12	0	13800	230															
6000	0.250	1.500	0.000	0.000	0.00	0	0	0	200	NA	0	6000	25	4	0	Check RH																
600	0.000	2.000	0.000	0.000	0.00	0	0	0	200	NA	0	600	0	4	0																	
300	0.100	1.800	0.000	0.000	0.00	0	0	0	200	NA	0	300	10	4	0																	
300	0.200	1.600	0.000	0.000	0.00	0	0	0	200	NA	0	300	20	4	0																	
300	0.300	1.400	0.000	0.000	0.00	0	0	0	200	NA	0	300	30	4	0																	
300	0.400	1.200	0.000	0.000	0.00	0	0	0	200	NA	0	300	40	4	0																	
300	0.500	1.000	0.000	0.000	0.00	0	0	0	200	NA	0	300	50	4	0																	
300	0.600	0.800	0.000	0.000	0.00	0	0	0	200	NA	0	300	60	4	0																	
300	0.700	0.600	0.000	0.000	0.00	0	0	0	200	NA	0	300	70	4	0																	
300	0.800	0.400	0.000	0.000	0.00	0	0	0	200	NA	0	300	80	4	0																	
300	0.900	0.200	0.000	0.000	0.00	0	0	0	200	NA	0	300	90	4	0																	
300	0.950	0.100	0.000	0.000	0.00	0	0	0	200	NA	0	300	95	4	0																	
600	0.000	2.000	0.000	0.000	0.00	0	0	0	200	NA	0	600	0	4	1																	
300	0.100	1.800	0.000	0.000	0.00	0	0	0	200	NA	0	300	10	4	1																	
300	0.200	1.600	0.000	0.000	0.00	0	0	0	200	NA	0	300	20	4	1																	
300	0.300	1.400	0.000	0.000	0.00	0	0	0	200	NA	0	300	30	4	1																	
300	0.400	1.200	0.000	0.000	0.00	0	0	0	200	NA	0	300	40	4	1																	
300	0.500	1.000	0.000	0.000	0.00	0	0	0	200	NA	0	300	50	4	1																	
300	0.600	0.800	0.000	0.000	0.00	0	0	0	200	NA	0	300	60	4	1																	
300	0.700	0.600	0.000	0.000	0.00	0	0	0	200	NA	0	300	70	4	1																	
300	0.800	0.400	0.000	0.000	0.00	0	0	0	200	NA	0	300	80	4	1																	
300	0.900	0.200	0.000	0.000	0.00	0	0	0	200	NA	0	300	90	4	1																	
300	0.950	0.100	0.000	0.000	0.00	0	0	0	200	NA	0	300	95	4	1																	
600	0.000	2.000	0.000	0.000	0.00	0	0	0	200	NA	0	600	0	4	0	13800	230															
4800	0.250	1.500	0.000	0.000	0.00	0	0	0	200	NA	0	4800	25	8	0																	
600	0.000	2.000	0.000	0.000	0.00	0	0	0	200	NA	0	600	0	8	0																	
300	0.100	1.800	0.000	0.000	0.00	0	0	0	200	NA	0	300	10	8	0																	
300	0.200	1.600	0.000	0.000	0.00	0	0	0	200	NA	0	300	20	8	0																	
300	0.300	1.400	0.000	0.000	0.00	0	0	0	200	NA	0	300	30	8	0																	
300	0.400	1.200	0.000	0.000	0.00	0	0	0	200	NA	0	300	40	8	0																	
300	0.500	1.000	0.000	0.000	0.00	0	0	0	200	NA	0	300	50	8	0																	
300	0.600	0.800	0.000	0.000	0.00	0	0	0	200	NA	0	300	60	8	0																	
300	0.700	0.600	0.000	0.000	0.00	0	0	0	200	NA	0	300	70	8	0																	
300	0.800	0.400	0.000	0.000	0.00	0	0	0	200	NA	0	300	80	8	0																	
300	0.900	0.200	0.000	0.000	0.00	0	0	0	200	NA	0	300	90	8	0																	
300	0.950	0.100	0.000	0.000	0.00	0	0	0	200	NA	0	300	95	8	0																	
600	0.000	2.000	0.000	0.000	0.00	0	0	0	200	NA	0	600	0	8	1																	
300	0.100	1.800	0.000	0.000	0.00	0	0	0	200	NA	0	300	10	8	1																	
300	0.200	1.600	0.000	0.000	0.00	0	0	0	200	NA	0	300	20	8	1																	
300	0.300	1.400	0.000	0.000	0.00	0	0	0	200	NA	0	300	30	8	1																	
300	0.400	1.200	0.000	0.000	0.00	0	0	0	200	NA	0	300	40	8	1																	
300	0.500	1.000	0.000	0.000	0.00	0	0	0	200	NA	0	300	50	8	1																	
300	0.600	0.800	0.000	0.000	0.00	0	0	0	200	NA	0	300	60	8	1																	
300	0.700	0.600	0.000	0.000	0.00	0	0	0	200	NA	0	300	70	8	1																	
300	0.800	0.400	0.000	0.000	0.00	0	0	0	200	NA	0	300	80	8	1																	
300	0.900	0.200	0.000	0.000	0.00	0	0	0	200	NA	0	300	90	8	1																	
300	0.950	0.100	0.000	0.000	0.00	0	0	0	200	NA	0	300	95	8	1																	
600	0.000	2.000	0.000	0.000	0.00	0	0	0	200	NA	0	600	0	8	0	12600	210															
6000	0.250	1.500	0.000	0.000	0.00	0	0	0	200	NA	0	6000	25	16	0																	
600	0.000	2.000	0.000	0.000	0.00	0	0	0	200	NA	0	600	0	16	0																	
300	0.100	1.800	0.000	0.000	0.00	0	0	0	200	NA	0	300	10	16	0																	
300	0.200	1.600	0.000	0.000	0.00	0	0	0	200	NA	0	300	20	16	0																	
300	0.300	1.400	0.000	0.000	0.00	0	0	0	200	NA	0	300	30	16	0																	
300	0.400	1.200	0.000	0.000	0.00	0	0	0	200	NA	0	300	40	16	0																	
300	0.500	1.000	0.000	0.000	0.00	0	0	0	200	NA	0	300	50	16	0																	
300	0.600	0.800	0.000	0.000	0.00	0	0	0	200	NA	0	300	60	16	0																	
300	0.700	0.600	0.000	0.000	0.00	0	0	0	200	NA	0	300	70	16	0																	
300	0.800	0.400	0.000	0.000	0.00	0	0	0	200	NA	0	300	80	16	0																	
300	0.900	0.200	0.000	0.000	0.00	0	0	0	200	NA	0	300	90	16	0																	
300	0.950	0.100	0.000	0.000	0.00	0	0	0	200	NA	0	300	95	16	0																	
600	0.000	2.000	0.000	0.000	0.00	0	0	0	200	NA	0	600	0	16	1																	
300	0.100	1.800	0.000	0.000	0.00	0	0	0	200	NA	0	300	10	16	1																	
300	0.200	1.600	0.000	0.000	0.00	0	0	0	200	NA	0	300	20	16	1																	
300	0.300	1.400	0.000	0.000	0.00	0	0	0	200	NA	0	300	30	16	1																	
300	0.400	1.200	0.000	0.000	0.00	0	0	0	200	NA	0	300	40	16	1																	
300	0.500	1.000	0.000	0.000	0.00	0	0	0	200	NA	0	300	50	16	1																	
300	0.600	0.800	0.000	0.000	0.00	0	0	0	200	NA	0	300	60	16	1																	
300	0.700	0.600	0.000	0.000	0.00	0	0	0	200	NA	0	300	70	16	1																	
300	0.800	0.400	0.000	0.000	0.00	0	0	0	200	NA	0	300	80	16	1																	
300	0.900	0.200	0.000	0.000	0.00	0	0	0	200	NA	0	300	90	16	1																	
300	0.950	0.100	0.000	0.000	0.00	0	0	0	200	NA	0	300	95	16	1																	
600	0.000	2.000	0.000	0.000	0.00	0	0	0	200	NA	0	600	0	16	0	13800	230															
4800	0.250	1.500	0.000	0.000	0.00	0	0	0	200	NA	0	4800	25	20-2	0																	
600	0.000	2.000	0.000	0.000	0.00	0	0	0	200	NA	0	600	0	20-2	0																	
300	0.100	1.800	0.000	0.000	0.00	0	0	0	200	NA	0	300	10	20-2	0																	
300	0.200	1.600	0.000	0.000	0.00	0	0	0	200	NA	0	300	20	20-2	0																	
300	0.300	1.400	0.000	0.000	0.00	0	0	0	200	NA	0	300	30	20-2	0																	
300	0.400	1.200	0.000	0.000	0.00	0	0	0	200	NA	0	300	40	20-2	0																	
300	0.500	1.000	0.000	0.000	0.00	0	0	0	200	NA	0	300	50	20-2	0																	
300	0.600	0.800	0.000	0.000	0.00	0	0	0	200	NA	0	300	60	20-2	0																	
300	0.700	0.600	0.000	0.000	0.00	0	0	0	200	NA	0	300	70	20-2	0																	
300	0.800	0.400	0.000	0.000	0.00	0	0	0	200	NA	0	300	80	20-2	0																	
300	0.900	0.200	0.000	0.000	0.00	0	0	0	200	NA	0	300	90	20-2	0																	
300	0.950	0.100	0.000	0.000	0.00	0	0	0	200	NA	0	300	95	20-2	0																	
600	0.000	2.000	0.000	0.000	0.00	0	0	0	200	NA	0	600	0	20-2	1																	
300	0.100	1.800	0.000	0.000	0.00	0	0	0	200	NA	0	300	10	20-2	1																	
300	0.200	1.600	0.000	0.000	0.00	0	0	0	200	NA	0	300	20	20-2	1																	
300	0.300	1.400	0.000	0.000	0.00	0	0	0	200	NA	0	300	30	20-2	1																	
300	0.400	1.200	0.000	0.000	0.00	0	0	0	200	NA	0	300	40	20-2	1																	
300	0.500	1.000	0.000	0.000	0.00	0	0	0	200	NA	0	300	50	20-2	1																	
300	0.600	0.800	0.000	0.000	0.00	0	0	0	200	NA	0	300	60	20-2	1																	
300	0.700	0.600	0.000	0.000	0.00	0	0	0	200	NA	0	300	70	20-2	1																	
300	0.800	0.400	0.000	0.000	0.00	0	0	0	200	NA	0	300	80	20-2	1																	
300	0.900	0.200	0.000	0.000	0.00	0	0	0	200	NA	0	300	90	20-2	1																	
300	0.950	0.100	0.000	0.000	0.00	0	0	0	200	NA	0	300	95	20-2	1																	
600	0.000	2.000	0.000	0.000	0.00	0	0	0	200	NA	0	600	0	20-2	0	12600	210															
6000	0.250	1.500	0.000	0.000	0.00	0	0	0	200	NA	0	6000	25	28	0																	
600	0.000	2.000	0.000	0.000	0.00	0	0	0	200	NA	0	600	0	28	0																	
300	0.100	1.800	0.000	0.000	0.00	0	0	0	200	NA	0	300	10	28	0																	
300	0.200	1.600	0.000	0.000	0.00	0	0	0	200	NA	0	300	20	28	0																	
300	0.300	1.400	0.000	0.000	0.00	0	0	0	200	NA	0	300	30	28	0																	
300	0.400	1.200	0.000	0.000	0.00	0	0	0	200	NA	0	300	40	28	0																	
300	0.500	1.000	0.000	0.000	0.00	0	0	0	200	NA	0	300	50	28	0																	
300	0.600	0.800	0.000	0.000	0.00	0	0	0	200	NA	0	300	60	28	0																	
300	0.700	0.600	0.000	0.000	0.00	0	0	0	200	NA	0	300	70	28	0																	
300	0.800	0.400	0.000	0.000	0.00	0	0	0	200	NA	0	300	80	28	0																	
300	0.900	0.200	0.000	0.000	0.00	0	0	0	200	NA	0	300	90	28	0																	
300	0.950	0.100	0.000	0.000	0.00	0	0	0	200	NA	0	300	95	28	0																	
600	0.000	2.000	0.000	0.000	0.00	0	0	0	200	NA	0	600	0	28	1																	
300	0.100	1.800	0.000	0.000	0.00	0	0	0	200	NA	0	300	10	28	1																	
300	0.200	1.600	0.000	0.000	0.00	0	0	0	200	NA	0	300	20	28	1																	
300	0.300	1.400	0.000	0.000	0.00	0	0	0	200	NA	0	300	30	28	1																	
300	0.400	1.200	0.000	0.000	0.00	0	0	0	200	NA	0	300	40	28	1																	
300	0.500	1.000	0.000	0.000	0.00	0	0	0	200	NA	0	300	50	28	1																	
300	0.600	0.800	0.000	0.000	0.00	0	0	0	200	NA	0	300	60	28	1																	
300	0.700	0.600	0.000	0.000	0.00	0	0	0	200	NA	0	300	70	28	1																	
300	0.800	0.400	0.000	0.000	0.00	0	0	0	200	NA	0	300	80	28	1																	
300	0.900	0.200	0.000	0.000	0.00	0	0	0	200	NA	0	300	90	28	1																	
300	0.950	0.100	0.000	0.000	0.00	0	0	0	200	NA	0	300	95	28	1																	
600	0.000	2.000	0.000	0.000	0.00	0	0	0	200	NA	0	600	0	28	0	13800	230															
4800	0.250	1.500	0.000	0.000	0.00	0	0	0	200	NA	0	4800	25	32	0																	
600	0.000	2.000	0.000	0.000	0.00	0	0	0	200	NA	0	600	0	32	0																	
300	0.100	1.800	0.000	0.000	0.00	0	0	0	200	NA	0	300	10	32	0																	
300	0.200	1.600	0.000	0.000	0.00	0	0	0	200	NA	0	300	20	32	0																	
300	0.300	1.400	0.000	0.000	0.00	0	0	0	200	NA	0	300	30	32	0																	
300	0.400	1.200	0.000	0.000	0.00	0	0	0	200	NA	0	300	40	32	0																	
300	0.500	1.000	0.000	0.000	0.00	0	0	0	200	NA	0	300	50	32	0																	
300	0.600	0.800	0.000	0.000	0.00	0	0	0	200	NA	0	300	60	32	0																	
300	0.700	0.600	0.000	0.000	0.00	0	0	0	200	NA	0	300	70	32	0																	
300	0.800	0.400	0.000	0.000	0.00	0	0	0	200	NA	0	300	80	32	0																	
300	0.900	0.200	0.000	0.000	0.00	0	0	0	200	NA	0	300	90	32	0																	
300	0.950	0.100	0.000	0.000	0.00	0	0	0	200	NA	0	300	95	32	0																	
600	0.000	2.000	0.000	0.000	0.00	0	0	0	200	NA	0	600	0	32	1																	
300	0.100	1.800	0.000	0.000	0.00	0	0	0	200	NA	0	300	10	32	1																	
300	0.200	1.600	0.000	0.000	0.00	0	0	0	200	NA	0	300	20	32	1																	
300	0.300	1.400	0.000	0.000	0.00	0	0	0	200	NA	0	300	30	32	1																	
300	0.400	1.200	0.000	0.000	0.00	0	0	0	200	NA	0	300	40	32	1																	
300	0.500	1.000	0.000	0.000	0.00	0	0	0	200	NA	0	300	50	32	1																	
300	0.600	0.800	0.000	0.000	0.00	0	0	0	200	NA	0	300	60	32	1																	
300	0.700	0.600	0.000	0.000	0.00	0	0	0	200	NA	0	300	70	32	1																	
300	0.800	0.400	0.000	0.000	0.00	0	0	0	200	NA	0	300	80	32	1																	
300	0.900	0.200	0.000	0.000	0.00	0	0	0	200	NA	0	300	90	32	1																	
300	0.950	0.100	0.000	0.000	0.00	0	0	0	200	NA	0	300	95	32	1																	
600	0.000	2.000	0.000	0.000	0.00	0	0	0	200	NA	0	600	0	32	0	12600	210															
6000	0.250	1.500	0.000	0.000	0.00	0	0	0	200	NA	0	6000	25	24	0																	
600	0.000	2.000	0.000	0.000	0.00	0	0	0	200	NA	0	600	0	24	0																	
300	0.100	1.800	0.000	0.000	0.00	0	0	0	200	NA	0	300	10	24	0																	
300	0.200	1.600	0.000	0.000	0.00	0	0	0	200	NA	0	300	20	24	0																	
300	0.300	1.400	0.000	0.000	0.00	0	0	0	200	NA	0	300	30	24	0																	
300	0.400	1.200	0.000	0.000	0.00	0	0	0	200	NA	0	300	40	24	0																	
300	0.500	1.000	0.000	0.000	0.00	0	0	0	200	NA	0	300	50	24	0																	
300	0.600	0.800	0.000	0.000	0.00	0	0	0	200	NA	0	300	60	24	0																	
300	0.700	0.600	0.000	0.000	0.00	0	0	0	200	NA	0	300	70	24	0																	
300	0.800	0.400	0.000	0.000	0.00	0	0	0	200	NA	0	300	80	24	0																	
300	0.900	0.200	0.000	0.000	0.00	0	0	0	200	NA	0	300	90	24	0																	
300	0.950	0.100	0.000	0.000	0.00	0	0	0	200	NA	0	300	95	24	0																	
600	0.000	2.000	0.000	0.000	0.00	0	0	0	200	NA	0	600	0	24	1																	
300	0.100	1.800	0.000	0.000	0.00	0	0	0	200	NA	0	300	10	24	1																	
300	0.200	1.600	0.000	0.000	0.00	0	0	0	200	NA	0	300	20	24	1																	
300	0.300	1.400	0.000	0.000	0.00	0	0	0	200	NA	0	300	30	24	1																	
300	0.400	1.200	0.000	0.000	0.00	0	0	0	200	NA	0	300	40	24	1																	
300	0.500	1.000	0.000	0.000	0.00	0	0	0	200	NA	0	300	50	24	1																	
300	0.600	0.800	0.000	0.000	0.00	0	0	0	200	NA	0	300	60	24	1																	
300	0.700	0.600	0.000	0.000	0.00	0	0	0	200	NA	0	300	70	24	1																	
300	0.800	0.400	0.000	0.000	0.00	0	0	0	200	NA	0	300	80	24	1																	
300	0.900	0.200	0.000	0.000	0.00	0	0	0	200	NA	0	300	90	24	1																	
300	0.950	0.100	0.000	0.000	0.00	0	0	0	200	NA	0	300	95	24	1																	
600	0.000	2.000	0.000	0.000	0.00	0	0	0	200	NA	0	600	0	24	0	13800	230															
4800	0.250	1.500	0.000	0.000	0.00	0	0	0	200	NA	0	4800	25	20-3	0																	
600	0.000	2.000	0.000	0.000	0.00	0	0	0	200	NA	0	600	0	20-3	0																	
300	0.100	1.800	0.000	0.000	0.00	0	0	0	200	NA	0	300	10	20-3	0																	
300	0.200	1.600	0.000	0.000	0.00	0	0	0	200	NA	0	300	20	20-3	0																	
300	0.300	1.400	0.000	0.000	0.00	0	0	0	200	NA	0	300	30	20-3	0																	
300	0.400	1.200	0.000	0.000	0.00	0	0	0	200	NA	0	300	40	20-3	0																	
300	0.500	1.000	0.000	0.000	0.00	0	0	0	200	NA	0	300	50	20-3	0																	
300	0.600	0.800	0.000	0.000	0.00	0	0	0	200	NA	0	300	60	20-3	0																	
300	0.700	0.600	0.000	0.000	0.00	0	0	0	200	NA	0	300	70	20-3	0																	
300	0.800	0.400	0.000	0.000	0.00	0	0	0	200	NA	0	300	80	20-3	0																	
300	0.900	0.200	0.000	0.000	0.00	0	0	0	200	NA	0	300	90	20-3	0																	
300	0.950	0.100	0.000	0.000	0.00	0	0	0	200	NA	0	300	95	20-3	0																	
600	0.000	2.000	0.000	0.000	0.00	0	0	0	200	NA	0	600	0	20-3	1																	
300	0.100	1.800	0.000	0.000	0.00	0	0	0	200	NA	0	300	10	20-3	1																	
300	0.200	1.600	0.000	0.000	0.00	0	0	0	200	NA	0	300	20	20-3	1																	
300	0.300	1.400	0.000	0.000	0.00	0	0	0	200	NA	0	300	30	20-3	1																	
300	0.400	1.200	0.000	0.000	0.00	0	0	0	200	NA	0	300	40	20-3	1																	
300	0.500	1.000	0.000	0.000	0.00	0	0	0	200	NA	0	300	50	20-3	1																	
300	0.600	0.800	0.000	0.000	0.00	0	0	0	200	NA	0	300	60	20-3	1																	
300	0.700	0.600	0.000	0.000	0.00	0	0	0	200	NA	0	300	70	20-3	1																	
300	0.800	0.400	0.000	0.000	0.00	0	0	0	200	NA	0	300	80	20-3	1																	
300	0.900	0.200	0.000	0.000	0.00	0	0	0	200	NA	0	300	90	20-3	1																	
300	0.950	0.100	0.000	0.000	0.00	0	0	0	200	NA	0	300	95	20-3	1																	
600	0.000	2.000	0.000	0.000	0.00	0	0	0	200	NA	0	600	0	20-3	0	12600	210															
3600000	0.250	1.500	0.000	0.000	0.00	0	0	0	200	NA	0	3600000	25	20-3	0																	
																																
																Total time:	130801	s														
																	2180.016667	min														
																	36.33361111	h														
