vaisalaTimeHours	elapsedTimeSec	"RH, %"	"T, ?C"	"pw, psi"
0.000000	0.000000	49.4	25.29	0.231
0.001389	5.000000	49.34	25.29	0.231
0.002778	10.000000	49.58	25.29	0.232
0.004167	15.000000	49.94	25.29	0.233
0.005556	20.000000	50.23	25.29	0.235
0.006944	25.000000	50.49	25.28	0.236
0.008333	30.000000	50.67	25.28	0.237
0.009722	35.000000	50.81	25.28	0.237
0.011111	40.000000	50.94	25.29	0.238
0.012500	45.000000	51.03	25.28	0.239
0.013889	50.000000	51.08	25.29	0.239
0.015278	55.000000	51.1	25.29	0.239
0.016667	60.000000	51.1	25.29	0.239
0.018056	65.000000	51.11	25.29	0.239
0.019444	70.000000	51.11	25.29	0.239
0.020833	75.000000	51.11	25.29	0.239
0.022222	80.000000	51.11	25.29	0.239
0.023611	85.000000	51.11	25.29	0.239
0.025000	90.000000	51.1	25.29	0.239
0.026389	95.000000	51.09	25.29	0.239
0.027778	100.000000	51.09	25.29	0.239
0.029167	105.000000	51.09	25.29	0.239
0.030556	110.000000	51.09	25.29	0.239
0.031944	115.000000	51.09	25.29	0.239
0.033333	120.000000	51.09	25.3	0.239
0.034722	125.000000	51.09	25.29	0.239
0.036111	130.000000	51.08	25.29	0.239
0.037500	135.000000	51.08	25.29	0.239
0.038889	140.000000	51.08	25.29	0.239
0.040278	145.000000	51.08	25.29	0.239
0.041667	150.000000	51.07	25.29	0.239
0.043056	155.000000	51.06	25.29	0.239
0.044444	160.000000	51.06	25.29	0.239
0.045833	165.000000	51.06	25.29	0.239
0.047222	170.000000	51.06	25.29	0.239
0.048611	175.000000	51.06	25.29	0.239
0.050000	180.000000	51.05	25.29	0.239
0.051389	185.000000	51.05	25.29	0.239
0.052778	190.000000	51.06	25.29	0.239
0.054167	195.000000	51.06	25.29	0.239
0.055556	200.000000	51.07	25.29	0.239
0.056944	205.000000	51.06	25.29	0.239
0.058333	210.000000	51.06	25.29	0.239
0.059722	215.000000	51.06	25.29	0.239
0.061111	220.000001	51.06	25.29	0.239
0.062500	225.000000	51.05	25.3	0.239
0.063889	230.000000	51.05	25.3	0.239
0.065278	235.000000	51.05	25.29	0.239
0.066667	240.000000	51.04	25.3	0.239
0.068056	245.000000	51.02	25.29	0.239
0.069444	250.000000	51.01	25.29	0.239
0.070833	255.000001	51.02	25.29	0.239
0.072222	260.000000	51.02	25.29	0.239
0.073611	265.000000	51.02	25.29	0.239
0.075000	270.000000	51.03	25.29	0.239
0.076389	275.000000	51.03	25.29	0.239
0.077778	280.000000	51.08	25.29	0.239
0.079167	285.000000	51.22	25.29	0.24
0.080556	290.000000	51.32	25.29	0.24
0.081944	295.000000	51.36	25.29	0.24
0.083333	300.000000	51.35	25.29	0.24
0.084722	305.000000	51.34	25.29	0.24
0.086111	310.000000	51.32	25.29	0.24
0.087500	315.000000	51.32	25.29	0.24
0.088889	320.000000	51.32	25.29	0.24
0.090278	325.000000	51.33	25.29	0.24
0.091667	330.000000	51.33	25.29	0.24
0.093056	335.000000	51.33	25.29	0.24
0.094444	340.000000	51.33	25.29	0.24
0.095833	345.000000	51.33	25.29	0.24
0.097222	350.000000	51.32	25.29	0.24
0.098611	355.000000	51.32	25.29	0.24
0.100000	360.000000	51.32	25.29	0.24
0.101389	365.000000	51.32	25.29	0.24
0.102778	370.000000	51.31	25.29	0.24
0.104167	375.000000	51.32	25.29	0.24
0.105556	380.000000	51.32	25.29	0.24
0.106944	385.000000	51.33	25.29	0.24
0.108333	390.000000	51.33	25.29	0.24
0.109722	395.000000	51.34	25.3	0.24
0.111111	400.000000	51.34	25.29	0.24
0.112500	405.000000	51.33	25.29	0.24
0.113889	410.000000	51.34	25.29	0.24
0.115278	415.000000	51.34	25.29	0.24
0.116667	420.000000	51.34	25.29	0.24
0.118056	425.000000	51.33	25.29	0.24
0.119444	430.000000	51.32	25.29	0.24
0.120833	435.000000	51.31	25.29	0.24
0.122222	440.000000	51.3	25.3	0.24
0.123611	445.000000	51.3	25.3	0.24
0.125000	450.000000	51.3	25.3	0.24
0.126389	455.000000	51.31	25.3	0.24
0.127778	460.000000	51.31	25.3	0.24
0.129167	465.000000	51.32	25.29	0.24
0.130556	470.000000	51.3	25.3	0.24
0.131944	475.000000	51.3	25.3	0.24
0.133333	480.000000	51.3	25.29	0.24
0.134722	485.000000	51.31	25.29	0.24
0.136111	490.000000	51.31	25.29	0.24
0.137500	495.000000	51.32	25.3	0.24
0.138889	500.000000	51.32	25.3	0.24
0.140278	505.000000	51.32	25.3	0.24
0.141667	510.000000	51.32	25.3	0.24
0.143056	515.000000	51.32	25.3	0.24
0.144444	520.000000	51.32	25.3	0.24
0.145833	525.000000	51.31	25.3	0.24
0.147222	530.000000	51.3	25.3	0.24
0.148611	535.000000	51.29	25.29	0.24
0.150000	540.000001	51.29	25.3	0.24
0.151389	545.000000	51.3	25.3	0.24
0.152778	550.000000	51.31	25.3	0.24
0.154167	555.000000	51.32	25.3	0.24
0.155556	560.000000	51.32	25.3	0.24
0.156944	565.000000	51.33	25.3	0.24
0.158333	570.000000	51.32	25.3	0.24
0.159722	575.000001	51.31	25.3	0.24
0.161111	580.000000	51.31	25.3	0.24
0.162500	585.000000	51.31	25.3	0.24
0.163889	590.000000	51.31	25.3	0.24
0.165278	595.000000	51.32	25.3	0.24
0.166667	600.000000	51.32	25.3	0.24
0.168056	605.000000	51.33	25.3	0.24
0.169444	610.000001	51.33	25.29	0.24
0.170833	615.000000	51.32	25.3	0.24
0.172222	620.000000	51.31	25.3	0.24
0.173611	625.000000	51.31	25.3	0.24
0.175000	630.000000	51.31	25.3	0.24
0.176389	635.000000	51.33	25.3	0.24
0.177778	640.000000	51.31	25.3	0.24
0.179167	645.000000	51.31	25.3	0.24
0.180556	650.000000	51.3	25.3	0.24
0.181944	655.000000	51.3	25.3	0.24
0.183333	660.000000	51.29	25.3	0.24
0.184722	665.000000	51.29	25.3	0.24
0.186111	670.000000	51.29	25.3	0.24
0.187500	675.000000	51.31	25.3	0.24
0.188889	680.000000	51.3	25.3	0.24
0.190278	685.000000	51.3	25.3	0.24
0.191667	690.000000	51.3	25.3	0.24
0.193056	695.000000	51.29	25.3	0.24
0.194444	700.000000	51.3	25.3	0.24
0.195833	705.000000	51.3	25.3	0.24
0.197222	710.000000	51.31	25.3	0.24
0.198611	715.000000	51.3	25.3	0.24
0.200000	720.000000	51.3	25.29	0.24
0.201389	725.000000	51.3	25.3	0.24
0.202778	730.000000	51.3	25.3	0.24
0.204167	735.000000	51.3	25.29	0.24
0.205556	740.000000	51.3	25.3	0.24
0.206944	745.000000	51.31	25.3	0.24
0.208333	750.000000	51.32	25.29	0.24
0.209722	755.000000	51.33	25.29	0.24
0.211111	760.000000	51.32	25.29	0.24
0.212500	765.000000	51.32	25.29	0.24
0.213889	770.000000	51.32	25.3	0.24
0.215278	775.000000	51.34	25.3	0.24
0.216667	780.000000	51.35	25.3	0.24
0.218056	785.000000	51.35	25.29	0.24
0.219444	790.000000	51.36	25.29	0.24
0.220833	795.000000	51.36	25.29	0.24
0.222222	800.000000	51.36	25.29	0.24
0.223611	805.000000	51.36	25.29	0.24
0.225000	810.000000	51.37	25.29	0.24
0.226389	815.000000	51.37	25.29	0.24
0.227778	820.000000	51.38	25.29	0.24
0.229167	825.000000	51.37	25.29	0.24
0.230556	830.000000	51.37	25.29	0.24
0.231944	835.000000	51.37	25.3	0.24
0.233333	840.000000	51.36	25.29	0.24
0.234722	845.000000	51.37	25.29	0.24
0.236111	850.000000	51.37	25.3	0.24
0.237500	855.000000	51.38	25.29	0.24
0.238889	860.000000	51.38	25.29	0.24
0.240278	865.000000	51.37	25.29	0.24
0.241667	870.000000	51.37	25.29	0.24
0.243056	875.000000	51.35	25.29	0.24
0.244444	880.000000	51.34	25.29	0.24
0.245833	885.000000	51.36	25.3	0.24
0.247222	890.000000	51.37	25.3	0.24
0.248611	895.000001	51.37	25.3	0.24
0.250000	900.000000	51.37	25.3	0.24
0.251389	905.000000	51.36	25.29	0.24
0.252778	910.000000	51.36	25.29	0.24
0.254167	915.000000	51.36	25.3	0.24
0.255556	920.000000	51.35	25.3	0.24
0.256944	925.000000	51.35	25.3	0.24
0.258333	930.000001	51.34	25.3	0.24
0.259722	935.000000	51.33	25.3	0.24
0.261111	940.000000	51.32	25.3	0.24
0.262500	945.000000	51.32	25.3	0.24
0.263889	950.000000	51.32	25.3	0.24
0.265278	955.000000	51.31	25.3	0.24
0.266667	960.000000	51.31	25.29	0.24
0.268056	965.000000	51.31	25.3	0.24
0.269444	970.000000	51.31	25.29	0.24
0.270833	975.000000	51.31	25.29	0.24
0.272222	980.000000	51.3	25.3	0.24
0.273611	985.000000	51.28	25.3	0.24
0.275000	990.000000	51.28	25.3	0.24
0.276389	995.000000	51.29	25.3	0.24
0.277778	1000.000000	51.29	25.3	0.24
0.279167	1005.000000	51.28	25.3	0.24
0.280556	1010.000000	51.26	25.3	0.24
0.281944	1015.000000	51.25	25.3	0.24
0.283333	1020.000000	51.24	25.3	0.24
0.284722	1025.000000	51.24	25.3	0.24
0.286111	1030.000000	51.24	25.3	0.24
0.287500	1035.000000	51.25	25.3	0.24
0.288889	1040.000000	51.26	25.3	0.24
0.290278	1045.000000	51.27	25.29	0.24
0.291667	1050.000000	51.27	25.3	0.24
0.293056	1055.000000	51.27	25.29	0.24
0.294444	1060.000000	51.26	25.29	0.24
0.295833	1065.000000	51.25	25.3	0.24
0.297222	1070.000000	51.25	25.29	0.24
0.298611	1075.000000	51.24	25.29	0.24
0.300000	1080.000000	51.24	25.29	0.24
0.301389	1085.000000	51.24	25.3	0.24
0.302778	1090.000000	51.23	25.3	0.24
0.304167	1095.000000	51.22	25.3	0.24
0.305556	1100.000000	51.21	25.3	0.24
0.306944	1105.000000	51.19	25.3	0.239
0.308333	1110.000000	51.18	25.29	0.239
0.309722	1115.000000	51.18	25.29	0.239
0.311111	1120.000000	51.17	25.29	0.239
0.312500	1125.000000	51.17	25.29	0.239
0.313889	1130.000000	51.16	25.29	0.239
0.315278	1135.000000	51.15	25.29	0.239
0.316667	1140.000000	51.15	25.29	0.239
0.318056	1145.000000	51.17	25.29	0.239
0.319444	1150.000000	51.19	25.3	0.239
0.320833	1155.000000	51.2	25.29	0.239
0.322222	1160.000000	51.21	25.29	0.239
0.323611	1165.000000	51.2	25.29	0.239
0.325000	1170.000000	51.18	25.3	0.239
0.326389	1175.000000	51.18	25.3	0.239
0.327778	1180.000000	51.16	25.29	0.239
0.329167	1185.000000	51.19	25.29	0.239
0.330556	1190.000000	51.23	25.29	0.24
0.331944	1195.000000	51.25	25.29	0.24
0.333333	1200.000000	51.25	25.29	0.24
0.334722	1205.000000	51.24	25.29	0.24
0.336111	1210.000000	51.24	25.3	0.24
0.337500	1215.000001	51.23	25.29	0.24
0.338889	1220.000000	51.23	25.29	0.24
0.340278	1225.000000	51.23	25.29	0.24
0.341667	1230.000000	51.24	25.29	0.24
0.343056	1235.000000	51.24	25.29	0.24
0.344444	1240.000000	51.25	25.29	0.24
0.345833	1245.000000	51.25	25.29	0.24
0.347222	1250.000001	51.26	25.3	0.24
0.348611	1255.000000	51.26	25.29	0.24
0.350000	1260.000000	51.25	25.29	0.24
0.351389	1265.000000	51.24	25.29	0.24
0.352778	1270.000000	51.23	25.29	0.24
0.354167	1275.000000	51.23	25.29	0.24
0.355556	1280.000000	51.22	25.29	0.239
0.356944	1285.000001	51.21	25.29	0.24
0.358333	1290.000000	51.21	25.29	0.239
0.359722	1295.000000	51.2	25.29	0.239
0.361111	1300.000000	51.18	25.29	0.239
0.362500	1305.000000	51.17	25.29	0.239
0.363889	1310.000000	51.16	25.3	0.239
0.365278	1315.000000	51.16	25.29	0.239
0.366667	1320.000000	51.16	25.29	0.239
0.368056	1325.000000	51.15	25.29	0.239
0.369444	1330.000000	51.14	25.29	0.239
0.370833	1335.000000	51.13	25.29	0.239
0.372222	1340.000000	51.12	25.3	0.239
0.373611	1345.000000	51.11	25.29	0.239
0.375000	1350.000000	51.1	25.29	0.239
0.376389	1355.000000	51.1	25.3	0.239
0.377778	1360.000000	51.1	25.3	0.239
0.379167	1365.000000	51.1	25.3	0.239
0.380556	1370.000000	51.1	25.3	0.239
0.381944	1375.000000	51.09	25.3	0.239
0.383333	1380.000000	51.07	25.3	0.239
0.384722	1385.000000	51.06	25.29	0.239
0.386111	1390.000000	51.05	25.3	0.239
0.387500	1395.000000	51.04	25.3	0.239
0.388889	1400.000000	51.04	25.3	0.239
0.390278	1405.000000	51.04	25.3	0.239
0.391667	1410.000000	51.04	25.3	0.239
0.393056	1415.000000	51.03	25.3	0.239
0.394444	1420.000000	51.02	25.3	0.239
0.395833	1425.000000	51.02	25.3	0.239
0.397222	1430.000000	51	25.3	0.239
0.398611	1435.000000	50.98	25.3	0.239
0.400000	1440.000000	50.96	25.3	0.238
0.401389	1445.000000	50.95	25.3	0.238
0.402778	1450.000000	50.93	25.3	0.238
0.404167	1455.000000	50.92	25.3	0.238
0.405556	1460.000000	50.9	25.3	0.238
0.406944	1465.000000	50.91	25.3	0.238
0.408333	1470.000000	50.9	25.3	0.238
0.409722	1475.000000	50.89	25.3	0.238
0.411111	1480.000000	50.86	25.3	0.238
0.412500	1485.000000	50.9	25.3	0.238
0.413889	1490.000000	50.93	25.3	0.238
0.415278	1495.000000	50.95	25.31	0.238
0.416667	1500.000000	50.96	25.3	0.238
0.418056	1505.000000	50.96	25.3	0.238
0.419444	1510.000000	50.96	25.3	0.238
0.420833	1515.000000	50.95	25.3	0.238
0.422222	1520.000000	50.93	25.31	0.238
0.423611	1525.000000	50.91	25.31	0.238
0.425000	1530.000000	50.89	25.31	0.238
0.426389	1535.000000	50.88	25.31	0.238
0.427778	1540.000000	50.86	25.31	0.238
0.429167	1545.000000	50.86	25.3	0.238
0.430556	1550.000000	50.84	25.3	0.238
0.431944	1555.000000	50.83	25.3	0.238
0.433333	1560.000000	50.83	25.3	0.238
0.434722	1565.000000	50.81	25.3	0.238
0.436111	1570.000001	50.78	25.3	0.238
0.437500	1575.000000	50.76	25.3	0.238
0.438889	1580.000000	50.74	25.3	0.237
0.440278	1585.000000	50.73	25.3	0.237
0.441667	1590.000000	50.73	25.3	0.237
0.443056	1595.000000	50.72	25.3	0.237
0.444444	1600.000000	50.71	25.31	0.237
0.445833	1605.000001	50.7	25.3	0.237
0.447222	1610.000000	50.7	25.3	0.237
0.448611	1615.000000	50.69	25.3	0.237
0.450000	1620.000000	50.69	25.31	0.237
0.451389	1625.000000	50.68	25.31	0.237
0.452778	1630.000000	50.67	25.31	0.237
0.454167	1635.000000	50.66	25.31	0.237
0.455556	1640.000000	50.65	25.3	0.237
0.456944	1645.000000	50.63	25.3	0.237
0.458333	1650.000000	50.63	25.3	0.237
0.459722	1655.000000	50.61	25.3	0.237
0.461111	1660.000000	50.58	25.3	0.237
0.462500	1665.000000	50.57	25.3	0.237
0.463889	1670.000000	50.56	25.31	0.237
0.465278	1675.000000	50.56	25.31	0.237
0.466667	1680.000000	50.56	25.31	0.237
0.468056	1685.000000	50.55	25.31	0.237
0.469444	1690.000000	50.55	25.3	0.237
0.470833	1695.000000	50.53	25.3	0.236
0.472222	1700.000000	50.52	25.3	0.236
0.473611	1705.000000	50.51	25.3	0.236
0.475000	1710.000000	50.5	25.3	0.236
0.476389	1715.000000	50.49	25.3	0.236
0.477778	1720.000000	50.48	25.3	0.236
0.479167	1725.000000	50.47	25.3	0.236
0.480556	1730.000000	50.46	25.31	0.236
0.481944	1735.000000	50.46	25.31	0.236
0.483333	1740.000000	50.46	25.3	0.236
0.484722	1745.000000	50.46	25.31	0.236
0.486111	1750.000000	50.45	25.3	0.236
0.487500	1755.000000	50.44	25.3	0.236
0.488889	1760.000000	50.44	25.3	0.236
0.490278	1765.000000	50.43	25.3	0.236
0.491667	1770.000000	50.43	25.3	0.236
0.493056	1775.000000	50.44	25.3	0.236
0.494444	1780.000000	50.49	25.3	0.236
0.495833	1785.000000	50.4	25.3	0.236
0.497222	1790.000000	50.26	25.3	0.235
0.498611	1795.000000	50.17	25.3	0.235
0.500000	1800.000000	50.1	25.3	0.234
0.501389	1805.000000	50.06	25.3	0.234
0.502778	1810.000000	50.04	25.3	0.234
0.504167	1815.000000	50.03	25.3	0.234
0.505556	1820.000000	50.02	25.3	0.234
0.506944	1825.000000	50.02	25.3	0.234
0.508333	1830.000000	50.02	25.3	0.234
0.509722	1835.000000	50.02	25.3	0.234
0.511111	1840.000000	50.03	25.3	0.234
0.512500	1845.000000	50.03	25.3	0.234
0.513889	1850.000000	50.04	25.3	0.234
0.515278	1855.000000	50.05	25.3	0.234
0.516667	1860.000000	50.06	25.3	0.234
0.518056	1865.000000	50.06	25.3	0.234
0.519444	1870.000000	50.06	25.3	0.234
0.520833	1875.000000	50.06	25.3	0.234
0.522222	1880.000000	50.07	25.3	0.234
0.523611	1885.000000	50.07	25.3	0.234
0.525000	1890.000001	50.08	25.3	0.234
0.526389	1895.000000	50.09	25.3	0.234
0.527778	1900.000000	50.11	25.3	0.234
0.529167	1905.000000	50.13	25.3	0.234
0.530556	1910.000000	50.13	25.3	0.235
0.531944	1915.000000	50.14	25.3	0.235
0.533333	1920.000000	50.15	25.3	0.235
0.534722	1925.000001	50.17	25.3	0.235
0.536111	1930.000000	50.18	25.3	0.235
0.537500	1935.000000	50.19	25.3	0.235
0.538889	1940.000000	50.2	25.3	0.235
0.540278	1945.000000	50.21	25.29	0.235
0.541667	1950.000000	50.23	25.3	0.235
0.543056	1955.000000	50.25	25.3	0.235
0.544444	1960.000001	50.26	25.3	0.235
0.545833	1965.000000	50.27	25.3	0.235
0.547222	1970.000000	50.27	25.29	0.235
0.548611	1975.000000	50.28	25.29	0.235
0.550000	1980.000000	50.28	25.29	0.235
0.551389	1985.000000	50.3	25.3	0.235
0.552778	1990.000000	50.32	25.3	0.235
0.554167	1995.000000	50.35	25.3	0.236
0.555556	2000.000000	50.36	25.3	0.236
0.556944	2005.000000	50.38	25.3	0.236
0.558333	2010.000000	50.39	25.29	0.236
0.559722	2015.000000	50.4	25.29	0.236
0.561111	2020.000000	50.4	25.3	0.236
0.562500	2025.000000	50.41	25.3	0.236
0.563889	2030.000000	50.42	25.29	0.236
0.565278	2035.000000	50.43	25.3	0.236
0.566667	2040.000000	50.43	25.29	0.236
0.568056	2045.000000	50.44	25.29	0.236
0.569444	2050.000000	50.44	25.3	0.236
0.570833	2055.000000	50.45	25.29	0.236
0.572222	2060.000000	50.46	25.29	0.236
0.573611	2065.000000	50.46	25.29	0.236
0.575000	2070.000000	50.45	25.3	0.236
0.576389	2075.000000	50.46	25.3	0.236
0.577778	2080.000000	50.5	25.3	0.236
0.579167	2085.000000	50.65	25.3	0.237
0.580556	2090.000000	50.76	25.3	0.237
0.581944	2095.000000	50.8	25.3	0.238
0.583333	2100.000000	50.79	25.3	0.238
0.584722	2105.000000	50.79	25.29	0.237
0.586111	2110.000000	50.78	25.29	0.237
0.587500	2115.000000	50.77	25.3	0.237
0.588889	2120.000000	50.76	25.3	0.237
0.590278	2125.000000	50.76	25.3	0.237
0.591667	2130.000000	50.76	25.3	0.237
0.593056	2135.000000	50.76	25.3	0.237
0.594444	2140.000000	50.76	25.3	0.237
0.595833	2145.000000	50.77	25.3	0.238
0.597222	2150.000000	50.78	25.3	0.238
0.598611	2155.000000	50.79	25.3	0.238
0.600000	2160.000000	50.8	25.3	0.238
0.601389	2165.000000	50.8	25.3	0.238
0.602778	2170.000000	50.81	25.3	0.238
0.604167	2175.000000	50.81	25.3	0.238
0.605556	2180.000000	50.81	25.3	0.238
0.606944	2185.000000	50.82	25.3	0.238
0.608333	2190.000000	50.83	25.3	0.238
0.609722	2195.000000	50.84	25.3	0.238
0.611111	2200.000000	50.85	25.3	0.238
0.612500	2205.000000	50.86	25.29	0.238
0.613889	2210.000000	50.85	25.29	0.238
0.615278	2215.000000	50.85	25.3	0.238
0.616667	2220.000000	50.86	25.3	0.238
0.618056	2225.000000	50.86	25.3	0.238
0.619444	2230.000000	50.86	25.3	0.238
0.620833	2235.000000	50.86	25.3	0.238
0.622222	2240.000000	50.87	25.3	0.238
0.623611	2245.000001	50.88	25.3	0.238
0.625000	2250.000000	50.89	25.29	0.238
0.626389	2255.000000	50.9	25.29	0.238
0.627778	2260.000000	50.9	25.29	0.238
0.629167	2265.000000	50.9	25.29	0.238
0.630556	2270.000000	50.9	25.3	0.238
0.631944	2275.000000	50.9	25.29	0.238
0.633333	2280.000001	50.91	25.29	0.238
0.634722	2285.000000	50.9	25.29	0.238
0.636111	2290.000000	50.9	25.29	0.238
0.637500	2295.000000	50.91	25.29	0.238
0.638889	2300.000000	50.92	25.3	0.238
0.640278	2305.000000	50.93	25.3	0.238
0.641667	2310.000000	50.94	25.3	0.238
0.643056	2315.000000	50.96	25.29	0.238
0.644444	2320.000000	50.96	25.29	0.238
0.645833	2325.000000	50.97	25.29	0.238
0.647222	2330.000000	50.99	25.29	0.238
0.648611	2335.000000	51	25.29	0.239
0.650000	2340.000000	51.02	25.29	0.239
0.651389	2345.000000	51.03	25.3	0.239
0.652778	2350.000000	51.04	25.3	0.239
0.654167	2355.000000	51.06	25.3	0.239
0.655556	2360.000000	51.07	25.29	0.239
0.656944	2365.000000	51.07	25.29	0.239
0.658333	2370.000000	51.07	25.29	0.239
0.659722	2375.000000	51.06	25.3	0.239
0.661111	2380.000000	51.06	25.3	0.239
0.662500	2385.000000	51.07	25.29	0.239
0.663889	2390.000000	51.09	25.3	0.239
0.665278	2395.000000	51.1	25.3	0.239
0.666667	2400.000000	51.1	25.3	0.239
0.668056	2405.000000	51.1	25.3	0.239
0.669444	2410.000000	51.1	25.3	0.239
0.670833	2415.000000	51.11	25.3	0.239
0.672222	2420.000000	51.11	25.3	0.239
0.673611	2425.000000	51.11	25.3	0.239
0.675000	2430.000000	51.11	25.29	0.239
0.676389	2435.000000	51.11	25.3	0.239
0.677778	2440.000000	51.11	25.29	0.239
0.679167	2445.000000	51.12	25.3	0.239
0.680556	2450.000000	51.12	25.3	0.239
0.681944	2455.000000	51.13	25.3	0.239
0.683333	2460.000000	51.13	25.29	0.239
0.684722	2465.000000	51.13	25.3	0.239
0.686111	2470.000000	51.14	25.3	0.239
0.687500	2475.000000	51.14	25.3	0.239
0.688889	2480.000000	51.15	25.3	0.239
0.690278	2485.000000	51.14	25.29	0.239
0.691667	2490.000000	51.14	25.3	0.239
0.693056	2495.000000	51.13	25.3	0.239
0.694444	2500.000000	51.14	25.3	0.239
0.695833	2505.000000	51.14	25.3	0.239
0.697222	2510.000000	51.14	25.3	0.239
0.698611	2515.000000	51.13	25.3	0.239
0.700000	2520.000000	51.13	25.3	0.239
0.701389	2525.000000	51.12	25.3	0.239
0.702778	2530.000000	51.12	25.3	0.239
0.704167	2535.000000	51.1	25.3	0.239
0.705556	2540.000000	51.09	25.29	0.239
0.706944	2545.000000	51.09	25.3	0.239
0.708333	2550.000000	51.1	25.3	0.239
0.709722	2555.000000	51.1	25.3	0.239
0.711111	2560.000000	51.11	25.3	0.239
0.712500	2565.000001	51.12	25.3	0.239
0.713889	2570.000000	51.13	25.3	0.239
0.715278	2575.000000	51.13	25.3	0.239
0.716667	2580.000000	51.13	25.3	0.239
0.718056	2585.000000	51.13	25.3	0.239
0.719444	2590.000000	51.13	25.3	0.239
0.720833	2595.000000	51.13	25.3	0.239
0.722222	2600.000001	51.11	25.3	0.239
0.723611	2605.000000	51.12	25.3	0.239
0.725000	2610.000000	51.12	25.3	0.239
0.726389	2615.000000	51.11	25.3	0.239
0.727778	2620.000000	51.11	25.3	0.239
0.729167	2625.000000	51.12	25.3	0.239
0.730556	2630.000000	51.12	25.3	0.239
0.731944	2635.000001	51.12	25.3	0.239
0.733333	2640.000000	51.12	25.3	0.239
0.734722	2645.000000	51.12	25.3	0.239
0.736111	2650.000000	51.13	25.3	0.239
0.737500	2655.000000	51.13	25.3	0.239
0.738889	2660.000000	51.14	25.3	0.239
0.740278	2665.000000	51.14	25.3	0.239
0.741667	2670.000000	51.13	25.3	0.239
0.743056	2675.000000	51.14	25.3	0.239
0.744444	2680.000000	51.15	25.3	0.239
0.745833	2685.000000	51.16	25.3	0.239
0.747222	2690.000000	51.16	25.3	0.239
0.748611	2695.000000	51.15	25.3	0.239
0.750000	2700.000000	51.15	25.3	0.239
0.751389	2705.000000	51.15	25.3	0.239
0.752778	2710.000000	51.15	25.3	0.239
0.754167	2715.000000	51.15	25.3	0.239
0.755556	2720.000000	51.15	25.3	0.239
0.756944	2725.000000	51.15	25.3	0.239
0.758333	2730.000000	51.15	25.3	0.239
0.759722	2735.000000	51.15	25.3	0.239
0.761111	2740.000000	51.15	25.3	0.239
0.762500	2745.000000	51.14	25.3	0.239
0.763889	2750.000000	51.13	25.3	0.239
0.765278	2755.000000	51.11	25.3	0.239
0.766667	2760.000000	51.12	25.3	0.239
0.768056	2765.000000	51.12	25.3	0.239
0.769444	2770.000000	51.12	25.3	0.239
0.770833	2775.000000	51.12	25.3	0.239
0.772222	2780.000000	51.11	25.3	0.239
0.773611	2785.000000	51.12	25.29	0.239
0.775000	2790.000000	51.13	25.29	0.239
0.776389	2795.000000	51.14	25.29	0.239
0.777778	2800.000000	51.14	25.3	0.239
0.779167	2805.000000	51.12	25.3	0.239
0.780556	2810.000000	51.12	25.3	0.239
0.781944	2815.000000	51.12	25.3	0.239
0.783333	2820.000000	51.13	25.3	0.239
0.784722	2825.000000	51.12	25.3	0.239
0.786111	2830.000000	51.11	25.3	0.239
0.787500	2835.000000	51.11	25.3	0.239
0.788889	2840.000000	51.11	25.3	0.239
0.790278	2845.000000	51.1	25.3	0.239
0.791667	2850.000000	51.09	25.3	0.239
0.793056	2855.000000	51.09	25.3	0.239
0.794444	2860.000000	51.09	25.29	0.239
0.795833	2865.000000	51.1	25.29	0.239
0.797222	2870.000000	51.11	25.29	0.239
0.798611	2875.000000	51.12	25.3	0.239
0.800000	2880.000000	51.13	25.3	0.239
0.801389	2885.000000	51.13	25.3	0.239
0.802778	2890.000000	51.13	25.3	0.239
0.804167	2895.000000	51.13	25.3	0.239
0.805556	2900.000000	51.12	25.3	0.239
0.806944	2905.000000	51.12	25.29	0.239
0.808333	2910.000000	51.12	25.29	0.239
0.809722	2915.000000	51.12	25.29	0.239
0.811111	2920.000001	51.1	25.3	0.239
0.812500	2925.000000	51.11	25.3	0.239
0.813889	2930.000000	51.11	25.3	0.239
0.815278	2935.000000	51.11	25.29	0.239
0.816667	2940.000000	51.12	25.3	0.239
0.818056	2945.000000	51.13	25.3	0.239
0.819444	2950.000000	51.13	25.3	0.239
0.820833	2955.000001	51.13	25.3	0.239
0.822222	2960.000000	51.12	25.29	0.239
0.823611	2965.000000	51.11	25.29	0.239
0.825000	2970.000000	51.1	25.29	0.239
0.826389	2975.000000	51.08	25.29	0.239
0.827778	2980.000000	51.07	25.3	0.239
0.829167	2985.000000	51.08	25.3	0.239
0.830556	2990.000000	51.1	25.3	0.239
0.831944	2995.000000	51.11	25.3	0.239
0.833333	3000.000000	51.09	25.3	0.239
0.834722	3005.000000	51.08	25.3	0.239
0.836111	3010.000000	51.07	25.3	0.239
0.837500	3015.000000	51.06	25.3	0.239
0.838889	3020.000000	51.05	25.3	0.239
0.840278	3025.000000	51.05	25.3	0.239
0.841667	3030.000000	51.05	25.3	0.239
0.843056	3035.000000	51.05	25.3	0.239
0.844444	3040.000000	51.06	25.3	0.239
0.845833	3045.000000	51.07	25.3	0.239
0.847222	3050.000000	51.08	25.29	0.239
0.848611	3055.000000	51.09	25.29	0.239
0.850000	3060.000000	51.09	25.29	0.239
0.851389	3065.000000	51.07	25.29	0.239
0.852778	3070.000000	51.06	25.29	0.239
0.854167	3075.000000	51.04	25.29	0.239
0.855556	3080.000000	51.04	25.29	0.239
0.856944	3085.000000	51.05	25.29	0.239
0.858333	3090.000000	51.04	25.3	0.239
0.859722	3095.000000	51.03	25.3	0.239
0.861111	3100.000000	51.02	25.3	0.239
0.862500	3105.000000	51.01	25.3	0.239
0.863889	3110.000000	51.01	25.29	0.239
0.865278	3115.000000	51.01	25.29	0.239
0.866667	3120.000000	51.01	25.29	0.239
0.868056	3125.000000	51.01	25.29	0.239
0.869444	3130.000000	51.01	25.29	0.239
0.870833	3135.000000	51.01	25.3	0.239
0.872222	3140.000000	50.99	25.29	0.238
0.873611	3145.000000	50.98	25.29	0.238
0.875000	3150.000000	50.98	25.29	0.238
0.876389	3155.000000	50.97	25.29	0.238
0.877778	3160.000000	50.97	25.29	0.238
0.879167	3165.000000	50.97	25.29	0.238
0.880556	3170.000000	50.96	25.29	0.238
0.881944	3175.000000	50.96	25.29	0.238
0.883333	3180.000000	50.96	25.29	0.238
0.884722	3185.000000	50.95	25.3	0.238
0.886111	3190.000000	50.94	25.29	0.238
0.887500	3195.000000	50.94	25.29	0.238
0.888889	3200.000000	50.93	25.29	0.238
0.890278	3205.000000	50.93	25.3	0.238
0.891667	3210.000000	50.93	25.3	0.238
0.893056	3215.000000	50.93	25.3	0.238
0.894444	3220.000000	50.9	25.29	0.238
0.895833	3225.000000	50.89	25.29	0.238
0.897222	3230.000000	50.87	25.29	0.238
0.898611	3235.000000	50.87	25.29	0.238
0.900000	3240.000001	50.87	25.29	0.238
0.901389	3245.000000	50.87	25.29	0.238
0.902778	3250.000000	50.86	25.29	0.238
0.904167	3255.000000	50.87	25.29	0.238
0.905556	3260.000000	50.87	25.29	0.238
0.906944	3265.000000	50.87	25.29	0.238
0.908333	3270.000000	50.88	25.29	0.238
0.909722	3275.000001	50.88	25.29	0.238
0.911111	3280.000000	50.83	25.3	0.238
0.912500	3285.000000	50.84	25.29	0.238
0.913889	3290.000000	50.86	25.29	0.238
0.915278	3295.000000	50.86	25.29	0.238
0.916667	3300.000000	50.86	25.29	0.238
0.918056	3305.000000	50.84	25.29	0.238
0.919444	3310.000001	50.84	25.3	0.238
0.920833	3315.000000	50.83	25.29	0.238
0.922222	3320.000000	50.83	25.29	0.238
0.923611	3325.000000	50.82	25.29	0.238
0.925000	3330.000000	50.8	25.29	0.238
0.926389	3335.000000	50.8	25.29	0.238
0.927778	3340.000000	50.78	25.29	0.237
0.929167	3345.000000	50.78	25.29	0.237
0.930556	3350.000000	50.79	25.29	0.237
0.931944	3355.000000	50.78	25.29	0.237
0.933333	3360.000000	50.76	25.29	0.237
0.934722	3365.000000	50.75	25.29	0.237
0.936111	3370.000000	50.75	25.29	0.237
0.937500	3375.000000	50.75	25.29	0.237
0.938889	3380.000000	50.74	25.29	0.237
0.940278	3385.000000	50.73	25.29	0.237
0.941667	3390.000000	50.72	25.29	0.237
0.943056	3395.000000	50.7	25.29	0.237
0.944444	3400.000000	50.7	25.29	0.237
0.945833	3405.000000	50.68	25.29	0.237
0.947222	3410.000000	50.67	25.29	0.237
0.948611	3415.000000	50.65	25.29	0.237
0.950000	3420.000000	50.63	25.29	0.237
0.951389	3425.000000	50.61	25.29	0.237
0.952778	3430.000000	50.6	25.29	0.237
0.954167	3435.000000	50.59	25.29	0.237
0.955556	3440.000000	50.6	25.29	0.237
0.956944	3445.000000	50.59	25.29	0.237
0.958333	3450.000000	50.59	25.29	0.237
0.959722	3455.000000	50.58	25.29	0.236
0.961111	3460.000000	50.57	25.29	0.237
0.962500	3465.000000	50.56	25.29	0.236
0.963889	3470.000000	50.55	25.29	0.236
0.965278	3475.000000	50.55	25.29	0.236
0.966667	3480.000000	50.55	25.29	0.236
0.968056	3485.000000	50.55	25.29	0.236
0.969444	3490.000000	50.55	25.29	0.236
0.970833	3495.000000	50.56	25.29	0.236
0.972222	3500.000000	50.54	25.29	0.236
0.973611	3505.000000	50.52	25.29	0.236
0.975000	3510.000000	50.5	25.29	0.236
0.976389	3515.000000	50.5	25.29	0.236
0.977778	3520.000000	50.49	25.29	0.236
0.979167	3525.000000	50.48	25.29	0.236
0.980556	3530.000000	50.49	25.29	0.236
0.981944	3535.000000	50.49	25.29	0.236
0.983333	3540.000000	50.48	25.29	0.236
0.984722	3545.000000	50.46	25.29	0.236
0.986111	3550.000000	50.45	25.29	0.236
0.987500	3555.000000	50.44	25.29	0.236
0.988889	3560.000000	50.44	25.29	0.236
0.990278	3565.000000	50.48	25.29	0.236
0.991667	3570.000000	50.45	25.29	0.236
0.993056	3575.000000	50.44	25.29	0.236
0.994444	3580.000000	50.49	25.29	0.236
0.995833	3585.000000	50.39	25.29	0.236
0.997222	3590.000000	50.21	25.29	0.235
0.998611	3595.000001	50.11	25.29	0.234
1.000000	3600.000000	50.05	25.29	0.234
1.001389	3605.000000	50.01	25.29	0.234
1.002778	3610.000000	49.99	25.29	0.234
1.004167	3615.000000	49.98	25.29	0.234
1.005556	3620.000000	49.97	25.29	0.234
1.006944	3625.000000	49.98	25.29	0.234
1.008333	3630.000001	49.99	25.29	0.234
1.009722	3635.000000	50	25.29	0.234
1.011111	3640.000000	50.01	25.29	0.234
1.012500	3645.000000	50.01	25.29	0.234
1.013889	3650.000000	50.02	25.29	0.234
1.015278	3655.000000	50.03	25.29	0.234
1.016667	3660.000000	50.04	25.29	0.234
1.018056	3665.000000	50.04	25.29	0.234
1.019444	3670.000000	50.06	25.29	0.234
1.020833	3675.000000	50.07	25.29	0.234
1.022222	3680.000000	50.09	25.29	0.234
1.023611	3685.000000	50.1	25.29	0.234
1.025000	3690.000000	50.09	25.29	0.234
1.026389	3695.000000	50.11	25.29	0.234
1.027778	3700.000000	50.11	25.29	0.234
1.029167	3705.000000	50.12	25.29	0.234
1.030556	3710.000000	50.12	25.29	0.234
1.031944	3715.000000	50.13	25.29	0.234
1.033333	3720.000000	50.15	25.29	0.234
1.034722	3725.000000	50.15	25.29	0.235
1.036111	3730.000000	50.15	25.29	0.235
1.037500	3735.000000	50.15	25.29	0.235
1.038889	3740.000000	50.16	25.29	0.235
1.040278	3745.000000	50.18	25.29	0.235
1.041667	3750.000000	50.2	25.29	0.235
1.043056	3755.000000	50.21	25.29	0.235
1.044444	3760.000000	50.22	25.29	0.235
1.045833	3765.000000	50.24	25.29	0.235
1.047222	3770.000000	50.24	25.29	0.235
1.048611	3775.000000	50.26	25.29	0.235
1.050000	3780.000000	50.27	25.29	0.235
1.051389	3785.000000	50.29	25.29	0.235
1.052778	3790.000000	50.3	25.29	0.235
1.054167	3795.000000	50.3	25.29	0.235
1.055556	3800.000000	50.3	25.29	0.235
1.056944	3805.000000	50.3	25.29	0.235
1.058333	3810.000000	50.31	25.29	0.235
1.059722	3815.000000	50.31	25.28	0.235
1.061111	3820.000000	50.32	25.28	0.235
1.062500	3825.000000	50.34	25.29	0.235
1.063889	3830.000000	50.34	25.29	0.235
1.065278	3835.000000	50.34	25.29	0.235
1.066667	3840.000000	50.33	25.29	0.235
1.068056	3845.000000	50.33	25.29	0.235
1.069444	3850.000000	50.34	25.29	0.235
1.070833	3855.000000	50.34	25.29	0.235
1.072222	3860.000000	50.34	25.28	0.235
1.073611	3865.000000	50.35	25.29	0.235
1.075000	3870.000000	50.37	25.29	0.235
1.076389	3875.000000	50.4	25.29	0.236
1.077778	3880.000000	50.44	25.29	0.236
1.079167	3885.000000	50.61	25.29	0.237
1.080556	3890.000000	50.73	25.28	0.237
1.081944	3895.000000	50.77	25.28	0.237
1.083333	3900.000000	50.76	25.28	0.237
1.084722	3905.000000	50.75	25.28	0.237
1.086111	3910.000000	50.74	25.28	0.237
1.087500	3915.000001	50.71	25.29	0.237
1.088889	3920.000000	50.7	25.28	0.237
1.090278	3925.000000	50.7	25.29	0.237
1.091667	3930.000000	50.69	25.29	0.237
1.093056	3935.000000	50.68	25.28	0.237
1.094444	3940.000000	50.69	25.28	0.237
1.095833	3945.000000	50.7	25.28	0.237
1.097222	3950.000001	50.72	25.28	0.237
1.098611	3955.000000	50.73	25.28	0.237
1.100000	3960.000000	50.75	25.28	0.237
1.101389	3965.000000	50.75	25.28	0.237
1.102778	3970.000000	50.75	25.28	0.237
1.104167	3975.000000	50.74	25.28	0.237
1.105556	3980.000000	50.74	25.28	0.237
1.106944	3985.000001	50.76	25.28	0.237
1.108333	3990.000000	50.77	25.28	0.237
1.109722	3995.000000	50.78	25.28	0.237
1.111111	4000.000000	50.79	25.28	0.237
1.112500	4005.000000	50.8	25.28	0.237
1.113889	4010.000000	50.8	25.28	0.237
1.115278	4015.000000	50.82	25.28	0.237
1.116667	4020.000000	50.82	25.28	0.237
1.118056	4025.000000	50.82	25.28	0.237
1.119444	4030.000000	50.83	25.28	0.237
1.120833	4035.000000	50.84	25.28	0.238
1.122222	4040.000000	50.85	25.28	0.238
1.123611	4045.000000	50.85	25.28	0.238
1.125000	4050.000000	50.84	25.28	0.238
1.126389	4055.000000	50.84	25.28	0.238
1.127778	4060.000000	50.85	25.28	0.238
1.129167	4065.000000	50.86	25.27	0.238
1.130556	4070.000000	50.88	25.28	0.238
1.131944	4075.000000	50.89	25.28	0.238
1.133333	4080.000000	50.91	25.28	0.238
1.134722	4085.000000	50.92	25.27	0.238
1.136111	4090.000000	50.93	25.28	0.238
1.137500	4095.000000	50.94	25.27	0.238
1.138889	4100.000000	50.94	25.27	0.238
1.140278	4105.000000	50.96	25.27	0.238
1.141667	4110.000000	50.96	25.27	0.238
1.143056	4115.000000	50.97	25.28	0.238
1.144444	4120.000000	50.97	25.27	0.238
1.145833	4125.000000	50.97	25.27	0.238
1.147222	4130.000000	50.96	25.27	0.238
1.148611	4135.000000	50.95	25.27	0.238
1.150000	4140.000000	50.96	25.27	0.238
1.151389	4145.000000	50.96	25.27	0.238
1.152778	4150.000000	50.97	25.27	0.238
1.154167	4155.000000	50.99	25.27	0.238
1.155556	4160.000000	51	25.27	0.238
1.156944	4165.000000	51.02	25.27	0.238
1.158333	4170.000000	51.03	25.27	0.238
1.159722	4175.000000	51.04	25.27	0.238
1.161111	4180.000000	51.05	25.27	0.238
1.162500	4185.000000	51.07	25.27	0.239
1.163889	4190.000000	51.07	25.27	0.239
1.165278	4195.000000	51.07	25.27	0.239
1.166667	4200.000000	51.08	25.28	0.239
1.168056	4205.000000	51.08	25.28	0.239
1.169444	4210.000000	51.07	25.27	0.239
1.170833	4215.000000	51.08	25.27	0.239
1.172222	4220.000000	51.09	25.27	0.239
1.173611	4225.000000	51.09	25.27	0.239
1.175000	4230.000000	51.08	25.27	0.239
1.176389	4235.000000	51.1	25.27	0.239
1.177778	4240.000000	51.1	25.27	0.239
1.179167	4245.000000	51.11	25.27	0.239
1.180556	4250.000000	51.13	25.27	0.239
1.181944	4255.000000	51.14	25.27	0.239
1.183333	4260.000000	51.16	25.28	0.239
1.184722	4265.000000	51.16	25.27	0.239
1.186111	4270.000001	51.17	25.27	0.239
1.187500	4275.000000	51.17	25.27	0.239
1.188889	4280.000000	51.17	25.27	0.239
1.190278	4285.000000	51.17	25.27	0.239
1.191667	4290.000000	51.17	25.27	0.239
1.193056	4295.000000	51.16	25.27	0.239
1.194444	4300.000000	51.15	25.27	0.239
1.195833	4305.000001	51.15	25.27	0.239
1.197222	4310.000000	51.14	25.27	0.239
1.198611	4315.000000	51.13	25.27	0.239
1.200000	4320.000000	51.12	25.27	0.239
1.201389	4325.000000	51.12	25.27	0.239
1.202778	4330.000000	51.13	25.27	0.239
1.204167	4335.000000	51.13	25.27	0.239
1.205556	4340.000000	51.14	25.27	0.239
1.206944	4345.000000	51.13	25.27	0.239
1.208333	4350.000000	51.13	25.28	0.239
1.209722	4355.000000	51.14	25.28	0.239
1.211111	4360.000000	51.13	25.27	0.239
1.212500	4365.000000	51.12	25.28	0.239
1.213889	4370.000000	51.12	25.28	0.239
1.215278	4375.000000	51.12	25.28	0.239
1.216667	4380.000000	51.12	25.28	0.239
1.218056	4385.000000	51.11	25.28	0.239
1.219444	4390.000000	51.11	25.27	0.239
1.220833	4395.000000	51.1	25.28	0.239
1.222222	4400.000000	51.1	25.27	0.239
1.223611	4405.000000	51.11	25.27	0.239
1.225000	4410.000000	51.11	25.27	0.239
1.226389	4415.000000	51.12	25.27	0.239
1.227778	4420.000000	51.13	25.27	0.239
1.229167	4425.000000	51.14	25.27	0.239
1.230556	4430.000000	51.15	25.27	0.239
1.231944	4435.000000	51.16	25.28	0.239
1.233333	4440.000000	51.15	25.27	0.239
1.234722	4445.000000	51.15	25.27	0.239
1.236111	4450.000000	51.16	25.27	0.239
1.237500	4455.000000	51.16	25.27	0.239
1.238889	4460.000000	51.14	25.28	0.239
1.240278	4465.000000	51.12	25.28	0.239
1.241667	4470.000000	51.12	25.28	0.239
1.243056	4475.000000	51.12	25.28	0.239
1.244444	4480.000000	51.12	25.28	0.239
1.245833	4485.000000	51.13	25.28	0.239
1.247222	4490.000000	51.14	25.28	0.239
1.248611	4495.000000	51.14	25.28	0.239
1.250000	4500.000000	51.15	25.28	0.239
1.251389	4505.000000	51.16	25.28	0.239
1.252778	4510.000000	51.16	25.28	0.239
1.254167	4515.000000	51.15	25.28	0.239
1.255556	4520.000000	51.14	25.28	0.239
1.256944	4525.000000	51.14	25.28	0.239
1.258333	4530.000000	51.13	25.28	0.239
1.259722	4535.000000	51.13	25.28	0.239
1.261111	4540.000000	51.14	25.28	0.239
1.262500	4545.000000	51.13	25.28	0.239
1.263889	4550.000000	51.13	25.28	0.239
1.265278	4555.000000	51.12	25.27	0.239
1.266667	4560.000000	51.12	25.27	0.239
1.268056	4565.000000	51.12	25.27	0.239
1.269444	4570.000000	51.12	25.27	0.239
1.270833	4575.000000	51.11	25.27	0.239
1.272222	4580.000000	51.1	25.27	0.239
1.273611	4585.000000	51.1	25.28	0.239
1.275000	4590.000001	51.09	25.28	0.239
1.276389	4595.000000	51.1	25.28	0.239
1.277778	4600.000000	51.1	25.27	0.239
1.279167	4605.000000	51.09	25.28	0.239
1.280556	4610.000000	51.08	25.27	0.239
1.281944	4615.000000	51.07	25.27	0.239
1.283333	4620.000000	51.07	25.27	0.239
1.284722	4625.000001	51.07	25.27	0.239
1.286111	4630.000000	51.08	25.27	0.239
1.287500	4635.000000	51.1	25.28	0.239
1.288889	4640.000000	51.11	25.27	0.239
1.290278	4645.000000	51.11	25.28	0.239
1.291667	4650.000000	51.1	25.27	0.239
1.293056	4655.000000	51.11	25.27	0.239
1.294444	4660.000001	51.11	25.27	0.239
1.295833	4665.000000	51.11	25.27	0.239
1.297222	4670.000000	51.1	25.27	0.239
1.298611	4675.000000	51.09	25.27	0.239
1.300000	4680.000000	51.1	25.27	0.239
1.301389	4685.000000	51.1	25.28	0.239
1.302778	4690.000000	51.1	25.27	0.239
1.304167	4695.000000	51.1	25.28	0.239
1.305556	4700.000000	51.1	25.27	0.239
1.306944	4705.000000	51.09	25.27	0.239
1.308333	4710.000000	51.1	25.28	0.239
1.309722	4715.000000	51.1	25.27	0.239
1.311111	4720.000000	51.1	25.27	0.239
1.312500	4725.000000	51.1	25.27	0.239
1.313889	4730.000000	51.11	25.27	0.239
1.315278	4735.000000	51.11	25.27	0.239
1.316667	4740.000000	51.11	25.28	0.239
1.318056	4745.000000	51.11	25.27	0.239
1.319444	4750.000000	51.11	25.27	0.239
1.320833	4755.000000	51.1	25.28	0.239
1.322222	4760.000000	51.11	25.27	0.239
1.323611	4765.000000	51.13	25.27	0.239
1.325000	4770.000000	51.12	25.27	0.239
1.326389	4775.000000	51.12	25.27	0.239
1.327778	4780.000000	51.11	25.27	0.239
1.329167	4785.000000	51.11	25.27	0.239
1.330556	4790.000000	51.13	25.27	0.239
1.331944	4795.000000	51.14	25.28	0.239
1.333333	4800.000000	51.14	25.28	0.239
1.334722	4805.000000	51.15	25.28	0.239
1.336111	4810.000000	51.15	25.28	0.239
1.337500	4815.000000	51.15	25.27	0.239
1.338889	4820.000000	51.15	25.27	0.239
1.340278	4825.000000	51.15	25.28	0.239
1.341667	4830.000000	51.14	25.28	0.239
1.343056	4835.000000	51.14	25.28	0.239
1.344444	4840.000000	51.13	25.28	0.239
1.345833	4845.000000	51.11	25.28	0.239
1.347222	4850.000000	51.1	25.28	0.239
1.348611	4855.000000	51.1	25.28	0.239
1.350000	4860.000000	51.1	25.28	0.239
1.351389	4865.000000	51.09	25.28	0.239
1.352778	4870.000000	51.08	25.27	0.239
1.354167	4875.000000	51.08	25.28	0.239
1.355556	4880.000000	51.07	25.28	0.239
1.356944	4885.000000	51.07	25.28	0.239
1.358333	4890.000000	51.06	25.28	0.239
1.359722	4895.000000	51.06	25.28	0.239
1.361111	4900.000000	51.04	25.28	0.238
1.362500	4905.000000	51.02	25.28	0.238
1.363889	4910.000000	51.01	25.28	0.238
1.365278	4915.000000	50.99	25.28	0.238
1.366667	4920.000000	50.98	25.27	0.238
1.368056	4925.000000	50.99	25.27	0.238
1.369444	4930.000000	50.99	25.27	0.238
1.370833	4935.000000	50.98	25.27	0.238
1.372222	4940.000000	50.98	25.28	0.238
1.373611	4945.000001	50.98	25.28	0.238
1.375000	4950.000000	50.98	25.28	0.238
1.376389	4955.000000	50.96	25.28	0.238
1.377778	4960.000000	50.96	25.28	0.238
1.379167	4965.000000	50.96	25.28	0.238
1.380556	4970.000000	50.96	25.28	0.238
1.381944	4975.000000	50.95	25.28	0.238
1.383333	4980.000001	50.94	25.28	0.238
1.384722	4985.000000	50.94	25.28	0.238
1.386111	4990.000000	50.95	25.28	0.238
1.387500	4995.000000	50.95	25.28	0.238
1.388889	5000.000000	50.95	25.28	0.238
1.390278	5005.000000	50.95	25.27	0.238
1.391667	5010.000000	50.94	25.28	0.238
1.393056	5015.000000	50.92	25.28	0.238
1.394444	5020.000000	50.9	25.28	0.238
1.395833	5025.000000	50.9	25.28	0.238
1.397222	5030.000000	50.9	25.28	0.238
1.398611	5035.000000	50.89	25.28	0.238
1.400000	5040.000000	50.89	25.28	0.238
1.401389	5045.000000	50.88	25.28	0.238
1.402778	5050.000000	50.87	25.28	0.238
1.404167	5055.000000	50.86	25.28	0.238
1.405556	5060.000000	50.86	25.28	0.238
1.406944	5065.000000	50.86	25.28	0.238
1.408333	5070.000000	50.86	25.27	0.238
1.409722	5075.000000	50.87	25.28	0.238
1.411111	5080.000000	50.87	25.28	0.238
1.412500	5085.000000	50.89	25.27	0.238
1.413889	5090.000000	50.92	25.27	0.238
1.415278	5095.000000	50.93	25.27	0.238
1.416667	5100.000000	50.93	25.27	0.238
1.418056	5105.000000	50.92	25.28	0.238
1.419444	5110.000000	50.92	25.28	0.238
1.420833	5115.000000	50.91	25.28	0.238
1.422222	5120.000000	50.9	25.28	0.238
1.423611	5125.000000	50.87	25.27	0.238
1.425000	5130.000000	50.84	25.27	0.237
1.426389	5135.000000	50.82	25.28	0.237
1.427778	5140.000000	50.81	25.28	0.237
1.429167	5145.000000	50.81	25.27	0.237
1.430556	5150.000000	50.8	25.27	0.237
1.431944	5155.000000	50.8	25.28	0.237
1.433333	5160.000000	50.8	25.28	0.237
1.434722	5165.000000	50.79	25.28	0.237
1.436111	5170.000000	50.77	25.28	0.237
1.437500	5175.000000	50.75	25.28	0.237
1.438889	5180.000000	50.73	25.28	0.237
1.440278	5185.000000	50.72	25.28	0.237
1.441667	5190.000000	50.71	25.28	0.237
1.443056	5195.000000	50.7	25.28	0.237
1.444444	5200.000000	50.69	25.28	0.237
1.445833	5205.000000	50.66	25.28	0.237
1.447222	5210.000000	50.64	25.28	0.237
1.448611	5215.000000	50.63	25.28	0.237
1.450000	5220.000000	50.63	25.28	0.237
1.451389	5225.000000	50.63	25.28	0.237
1.452778	5230.000000	50.62	25.28	0.237
1.454167	5235.000000	50.61	25.28	0.236
1.455556	5240.000000	50.59	25.28	0.236
1.456944	5245.000000	50.59	25.28	0.236
1.458333	5250.000000	50.57	25.28	0.236
1.459722	5255.000000	50.57	25.28	0.236
1.461111	5260.000000	50.57	25.28	0.236
1.462500	5265.000001	50.57	25.28	0.236
1.463889	5270.000000	50.57	25.28	0.236
1.465278	5275.000000	50.56	25.28	0.236
1.466667	5280.000000	50.55	25.27	0.236
1.468056	5285.000000	50.54	25.28	0.236
1.469444	5290.000000	50.54	25.28	0.236
1.470833	5295.000000	50.53	25.28	0.236
1.472222	5300.000001	50.52	25.28	0.236
1.473611	5305.000000	50.5	25.28	0.236
1.475000	5310.000000	50.47	25.28	0.236
1.476389	5315.000000	50.45	25.28	0.236
1.477778	5320.000000	50.43	25.28	0.236
1.479167	5325.000000	50.42	25.28	0.236
1.480556	5330.000000	50.42	25.28	0.236
1.481944	5335.000001	50.41	25.28	0.236
1.483333	5340.000000	50.4	25.28	0.235
1.484722	5345.000000	50.38	25.28	0.235
1.486111	5350.000000	50.37	25.27	0.235
1.487500	5355.000000	50.37	25.27	0.235
1.488889	5360.000000	50.38	25.27	0.235
1.490278	5365.000000	50.38	25.27	0.235
1.491667	5370.000000	50.39	25.27	0.235
1.493056	5375.000000	50.4	25.28	0.235
1.494444	5380.000000	50.47	25.27	0.236
1.495833	5385.000000	50.41	25.27	0.235
1.497222	5390.000000	50.26	25.27	0.235
1.498611	5395.000000	50.18	25.27	0.234
1.500000	5400.000000	50.14	25.27	0.234
1.501389	5405.000000	50.1	25.27	0.234
1.502778	5410.000000	50.08	25.27	0.234
1.504167	5415.000000	50.07	25.27	0.234
1.505556	5420.000000	50.07	25.27	0.234
1.506944	5425.000000	50.08	25.27	0.234
1.508333	5430.000000	50.09	25.27	0.234
1.509722	5435.000000	50.1	25.27	0.234
1.511111	5440.000000	50.11	25.28	0.234
1.512500	5445.000000	50.13	25.28	0.234
1.513889	5450.000000	50.13	25.27	0.234
1.515278	5455.000000	50.14	25.27	0.234
1.516667	5460.000000	50.16	25.28	0.234
1.518056	5465.000000	50.16	25.27	0.234
1.519444	5470.000000	50.16	25.27	0.234
1.520833	5475.000000	50.17	25.28	0.234
1.522222	5480.000000	50.17	25.28	0.234
1.523611	5485.000000	50.18	25.28	0.234
1.525000	5490.000000	50.19	25.28	0.234
1.526389	5495.000000	50.19	25.28	0.235
1.527778	5500.000000	50.19	25.28	0.235
1.529167	5505.000000	50.19	25.28	0.235
1.530556	5510.000000	50.19	25.28	0.235
1.531944	5515.000000	50.2	25.28	0.235
1.533333	5520.000000	50.2	25.28	0.235
1.534722	5525.000000	50.21	25.28	0.235
1.536111	5530.000000	50.22	25.28	0.235
1.537500	5535.000000	50.22	25.28	0.235
1.538889	5540.000000	50.22	25.28	0.235
1.540278	5545.000000	50.23	25.28	0.235
1.541667	5550.000000	50.24	25.28	0.235
1.543056	5555.000000	50.25	25.28	0.235
1.544444	5560.000000	50.27	25.28	0.235
1.545833	5565.000000	50.29	25.28	0.235
